      0/99        0G   0.05092     2.861         0     2.912        17       640         0         0         0         0   0.07226     2.777         0
      1/99        0G   0.04522     2.653         0     2.699        10       640         0         0         0         0   0.07227     2.424         0
      2/99        0G   0.04455     2.221         0     2.266        17       640   0.00193      0.44  0.000873 0.0001572   0.07227     1.919         0
      3/99        0G   0.04501     1.687         0     1.732        15       640  0.001754       0.4 0.0007219 0.0002356   0.07228     1.385         0
      4/99        0G   0.04504     1.187         0     1.232        12       640  0.001768       0.4 0.0007181  0.000233   0.07227     0.965         0
      5/99        0G   0.05425    0.8397         0     0.894        19       640  0.001765      0.36  0.000645 0.0001235   0.07227    0.7161         0
      6/99        0G    0.0433    0.6429         0    0.6862        18       640  0.001802      0.36 0.0006574 0.0002086   0.07226    0.5747         0
      7/99        0G   0.04144    0.5241         0    0.5655        15       640  0.001877      0.36 0.0006851 0.0001664   0.07224     0.479         0
      8/99        0G   0.04994    0.4377         0    0.4876        13       640  0.002091       0.4 0.0008619  0.000195   0.07223    0.4019         0
      9/99        0G   0.05191    0.3671         0     0.419        15       640  0.002726      0.52  0.001482 0.0002736   0.07221    0.3375         0
     10/99        0G   0.04493    0.3087         0    0.3537        17       640  0.004272      0.12  0.002285 0.0004355   0.07219     0.284         0
     11/99        0G   0.04758     0.261         0    0.3086        14       640  0.006735      0.12  0.002754 0.0005249   0.07217    0.2405         0
     12/99        0G    0.0456    0.2225         0    0.2681        12       640   0.01161      0.12  0.003549 0.0006791   0.07215     0.205         0
     13/99        0G   0.04212    0.1915         0    0.2337        16       640   0.01676      0.12  0.004709 0.0008996   0.07213    0.1755         0
     14/99        0G   0.04194    0.1659         0    0.2078        13       640   0.02065      0.12  0.005593  0.001077   0.07212    0.1537         0
     15/99        0G   0.04495    0.1484         0    0.1933        14       640   0.03221      0.12  0.008116  0.001549    0.0721    0.1394         0
     16/99        0G   0.04804    0.1326         0    0.1807        13       640   0.03909      0.12  0.009888  0.001916   0.07207    0.1194         0
     17/99        0G   0.04714    0.1156         0    0.1627        18       640   0.04813      0.12   0.01269  0.002448   0.07206    0.1052         0
     18/99        0G   0.04693    0.1005         0    0.1474        13       640   0.05859      0.12   0.01572  0.003115   0.07203   0.08718         0
     19/99        0G   0.04447   0.08572         0    0.1302        17       640   0.05875      0.12   0.01717  0.003605     0.072    0.0755         0
     20/99        0G    0.0375   0.07342         0    0.1109        10       640   0.06423      0.24   0.02258  0.004765   0.07197   0.06175         0
     21/99        0G   0.04494   0.06258         0    0.1075        13       640   0.06625      0.24   0.02654  0.005472   0.07194   0.05333         0
     22/99        0G   0.03678   0.05363         0   0.09041        12       640   0.07922      0.24   0.03371   0.00689   0.07191   0.04386         0
     23/99        0G   0.04008   0.04572         0    0.0858        11       640   0.07792      0.24   0.03916  0.007517   0.07188   0.03838         0
     24/99        0G   0.04586   0.03962         0   0.08548        12       640    0.0765      0.36   0.05443     0.011   0.07185   0.03211         0
     25/99        0G   0.04518   0.03453         0    0.0797        14       640   0.07506      0.36   0.06128   0.01345   0.07183   0.02855         0
     26/99        0G    0.0538   0.03049         0   0.08429        18       640   0.08418      0.36   0.06525   0.01436   0.07179   0.02458         0
     27/99        0G   0.04581   0.02665         0   0.07245         9       640   0.09347      0.36   0.06788   0.01539   0.07176   0.02228         0
     28/99        0G   0.04468   0.02445         0   0.06913        12       640    0.1027      0.36   0.07253   0.01666   0.07171    0.0197         0
     29/99        0G   0.04594   0.02203         0   0.06797        11       640    0.1092      0.36   0.07587   0.01753   0.07167   0.01817         0
     30/99        0G   0.04717    0.0207         0   0.06787        15       640    0.1074      0.32   0.08013   0.01861    0.0716   0.01632         0
     31/99        0G   0.04514   0.01892         0   0.06407        17       640    0.1216      0.36   0.08402   0.01967   0.07156   0.01528         0
     32/99        0G   0.04448   0.01698         0   0.06146         8       640     0.121      0.36   0.08892   0.02095   0.07149   0.01406         0
     33/99        0G   0.04577   0.01625         0   0.06202        14       640    0.1301      0.36   0.09222   0.02193   0.07142    0.0133         0
     34/99        0G    0.0433   0.01516         0   0.05845        14       640    0.1357      0.32   0.09697    0.0244   0.07127   0.01236         0
     35/99        0G   0.05387   0.01433         0    0.0682        16       640    0.1398      0.36    0.1005   0.02558   0.07117   0.01179         0
     36/99        0G   0.04243   0.01336         0   0.05579         8       640    0.1564      0.36    0.1101   0.02831   0.07101   0.01108         0
     37/99        0G   0.04209   0.01253         0   0.05462        10       640    0.1514       0.4    0.1128   0.02852   0.07091   0.01065         0
     38/99        0G   0.04692   0.01244         0   0.05936        15       640    0.1955      0.32    0.1236   0.03169   0.07076   0.01009         0
     39/99        0G   0.05868   0.01189         0   0.07057        13       640    0.2148      0.32    0.1296   0.03276   0.07062  0.009753         0
     40/99        0G   0.04557   0.01172         0    0.0573        15       640    0.2329      0.32    0.1374   0.03451   0.07045  0.009345         0
     41/99        0G   0.04793   0.01145         0   0.05938        19       640    0.2206       0.4    0.1376   0.03572   0.07029  0.009072         0
     42/99        0G   0.05334   0.01074         0   0.06409        15       640    0.2744      0.32    0.1554   0.04287   0.07011  0.008731         0
     43/99        0G   0.04244   0.01073         0   0.05317        19       640      0.28      0.32     0.162   0.04607   0.06994  0.008508         0
     44/99        0G   0.04489   0.01007         0   0.05497        15       640    0.2841      0.32    0.1652   0.04714   0.06985    0.0084         0
     45/99        0G   0.04291   0.01019         0   0.05309        18       640    0.2843       0.4    0.1744   0.05027   0.06967  0.008199         0
     46/99        0G   0.04342    0.0111         0   0.05452        18       640    0.2955      0.36    0.1752   0.05288   0.06948  0.007964         0
     47/99        0G   0.04257   0.01033         0    0.0529        17       640    0.2702       0.4    0.1758    0.0536   0.06936  0.007862         0
     48/99        0G   0.04568  0.009022         0    0.0547        11       640    0.2901      0.36    0.1836   0.05517   0.06915  0.007674         0
     49/99        0G   0.04056  0.009613         0   0.05018        19       640    0.2616       0.4    0.1844   0.05708   0.06879  0.007516         0
     50/99        0G   0.04515  0.009639         0   0.05479        15       640    0.2725       0.4     0.187   0.05835   0.06865  0.007434         0
     51/99        0G   0.03755  0.009178         0   0.04673        14       640    0.2911       0.4    0.1902   0.05875   0.06845  0.007282         0
     52/99        0G   0.04112  0.009265         0   0.05039        14       640    0.2936       0.4    0.1914   0.06652   0.06819  0.007147         0
     53/99        0G   0.05302  0.009029         0   0.06205        17       640    0.3013       0.4    0.1932   0.06716   0.06802  0.007081         0
     54/99        0G   0.04087  0.008074         0   0.04894        13       640    0.2891       0.4    0.1965   0.06893   0.06772  0.006978         0
     55/99        0G   0.04091  0.008778         0   0.04969        13       640      0.31       0.4    0.2157   0.07432   0.06742  0.006865         0
     56/99        0G   0.04363  0.009317         0   0.05295        15       640    0.3085       0.4    0.2152   0.07948   0.06728  0.006814         0
     57/99        0G   0.03858  0.008286         0   0.04687        10       640    0.2614      0.56    0.2259   0.08842   0.06703  0.006709         0
     58/99        0G    0.0403  0.008806         0   0.04911        16       640    0.3041      0.56    0.2331   0.09291   0.06682  0.006622         0
     59/99        0G   0.04025   0.00841         0   0.04866        14       640    0.3075      0.56    0.2368    0.1016   0.06669  0.006572         0
     60/99        0G   0.03923   0.00803         0   0.04726        13       640    0.3474       0.6    0.2611    0.1046   0.06645  0.006498         0
     61/99        0G   0.03752  0.008196         0   0.04572        18       640    0.3828      0.56    0.2907    0.1124   0.06619  0.006431         0
     62/99        0G   0.04008  0.008157         0   0.04823        14       640     0.387      0.56     0.294    0.1141   0.06601  0.006392         0
     63/99        0G   0.03994  0.008009         0   0.04795        12       640     0.364       0.6    0.2998    0.1112   0.06571  0.006327         0
     64/99        0G   0.03785  0.007987         0   0.04584        13       640    0.3791       0.6    0.3159    0.1139   0.06545  0.006263         0
     65/99        0G   0.03272  0.007904         0   0.04063        11       640    0.3692       0.6    0.3148    0.1165   0.06534  0.006228         0
     66/99        0G   0.03384   0.00779         0   0.04163        11       640    0.3489       0.8    0.3242    0.1264   0.06514  0.006165         0
     67/99        0G   0.03547    0.0078         0   0.04327        10       640    0.3261      0.68    0.3057    0.1347   0.06482   0.00612         0
     68/99        0G   0.04358  0.007381         0   0.05096        13       640    0.3431    0.7105    0.3131    0.1267   0.06467  0.006098         0
     69/99        0G   0.03677  0.008548         0   0.04532        11       640    0.3574      0.72    0.3304    0.1365   0.06422  0.006054         0
     70/99        0G   0.04247  0.008014         0   0.05048        10       640    0.3908    0.7442    0.3447    0.1421   0.06381  0.005999         0
     71/99        0G   0.03815  0.008204         0   0.04635        10       640    0.4026      0.76    0.3638    0.1438   0.06364  0.005979         0
     72/99        0G   0.03586  0.008097         0   0.04396        11       640    0.4154       0.8    0.3718    0.1587    0.0633  0.005932         0
     73/99        0G   0.03841  0.007403         0   0.04582        13       640    0.4235       0.8    0.3801    0.1648   0.06306  0.005902         0
     74/99        0G   0.03813  0.008914         0   0.04704        17       640    0.4369     0.776    0.4064    0.1956   0.06286  0.005883         0
     75/99        0G   0.03763   0.00696         0   0.04459        12       640     0.414       0.8    0.3955    0.1934   0.06273  0.005867         0
     76/99        0G   0.03514  0.007681         0   0.04282        13       640    0.4342       0.8    0.3982    0.1895   0.06243  0.005829         0
     77/99        0G   0.04015  0.008654         0   0.04881        23       640    0.4345     0.799    0.3998     0.191   0.06218  0.005809         0
     78/99        0G   0.03302  0.007301         0   0.04032        12       640    0.4503    0.7538    0.4116    0.1956   0.06199  0.005794         0
     79/99        0G   0.03351  0.007882         0    0.0414        10       640    0.4422     0.793    0.4128    0.1962   0.06182  0.005781         0
     80/99        0G   0.03337  0.007229         0    0.0406        11       640    0.4551      0.76    0.4226    0.1854    0.0615  0.005749         0
     81/99        0G   0.03079  0.007287         0   0.03808        11       640    0.4517       0.8    0.4233    0.1896   0.06125  0.005741         0
     82/99        0G   0.03882  0.007545         0   0.04636        13       640    0.4746      0.76     0.431    0.1399   0.06112  0.005726         0
     83/99        0G   0.03194   0.00795         0   0.03989         9       640    0.4662      0.76    0.4317    0.1238   0.06097  0.005713         0
     84/99        0G   0.03566  0.007703         0   0.04337        10       640    0.4533    0.7959    0.4265    0.1229   0.06074  0.005689         0
     85/99        0G   0.03556  0.007134         0    0.0427        12       640    0.4538       0.8    0.4258    0.1259   0.06054  0.005678         0
     86/99        0G   0.03237  0.008639         0   0.04101        20       640    0.4534    0.7965    0.4262     0.126   0.06046  0.005651         0
     87/99        0G   0.03763  0.009456         0   0.04708        23       640    0.4537       0.8    0.4279    0.1264   0.06029  0.005633         0
     88/99        0G   0.03367  0.007857         0   0.04153        14       640    0.4443       0.8    0.4257    0.1258   0.05997  0.005616         0
     89/99        0G   0.03045  0.008671         0   0.03912        15       640     0.453    0.7951    0.4367    0.1327   0.05987  0.005609         0
     90/99        0G   0.03106  0.007247         0    0.0383        11       640    0.4537       0.8    0.4293     0.133    0.0597  0.005595         0
     91/99        0G   0.03313  0.008026         0   0.04116        15       640    0.4539       0.8    0.4293    0.1386   0.05949  0.005586         0
     92/99        0G   0.03158  0.007328         0   0.03891        11       640    0.4538    0.7977    0.4295    0.1405   0.05937  0.005556         0
     93/99        0G   0.03253  0.007624         0   0.04016        12       640    0.4531       0.8      0.43    0.1409   0.05922  0.005548         0
     94/99        0G   0.02941   0.00749         0    0.0369        10       640    0.4533       0.8    0.4315    0.1422   0.05908  0.005533         0
     95/99        0G   0.03108  0.007736         0   0.03881        10       640     0.454       0.8    0.4317    0.1419   0.05903  0.005522         0
     96/99        0G   0.03302  0.007578         0    0.0406        18       640    0.4539       0.8    0.4423    0.1446   0.05891  0.005496         0
     97/99        0G   0.03199   0.00754         0   0.03953        17       640    0.4542       0.8    0.4371    0.1419   0.05889  0.005481         0
     98/99        0G   0.03326  0.008219         0   0.04148        15       640    0.4649       0.8    0.4376     0.142   0.05883  0.005465         0
     99/99        0G   0.04496   0.00802         0   0.05298        15       640    0.4554       0.8    0.4368    0.1427   0.05865  0.005453         0
